val_rmse=0.61193
test_rmse=0.44455
