val_rmse=0.21343
test_rmse=0.22312
