colsample_bytree: 0.8659690419027274
gamma: 2.1888927171422337
learning_rate: 0.015804704867439994
max_depth: 4
min_child_weight: 4.1935572069285945
n_estimators: 300
reg_lambda: 0.6880408368756581
subsample: 0.9885668717366809
