colsample_bytree: 0.6078485732368522
gamma: 4.246650402713124
learning_rate: 0.004467492800087293
max_depth: 4
min_child_weight: 8.950660591653305
n_estimators: 1100
reg_lambda: 4.466574254161898
subsample: 0.9389878276373216